[8964] TcSdk_CreateParameterSet        ---> a: 00000000 b: 00011a6c c: 048e1fd5 d: 00000000
[8964] CC E6 DD 04 
[8964] TcSdk_SetParam                  ---> a: 05e750c0 b: 00000079 c: 043dcbe0 d: 00000000 ==Str:120600705
[8964] CC E6 DD 04 00 00 00 00 05 00 79 00 0A 00 31 32 30 36 30 30 37 30 35 
[8964] TcSdk_SetParam                  ---> a: 05e750c0 b: 00000079 c: 043dcbe0 d: 00000000 ==Str:120600705
[8964] CC E6 DD 04 00 00 00 00 05 00 79 00 0A 00 31 32 30 36 30 30 37 30 35 
[8964] TcSdk_SetParamLong              ---> a: 05e750c0 b: 00000082 c: 00000044 d: 052dfcdf ==Long:68
[8964] CC E6 DD 04 00 00 00 00 05 00 79 00 0A 00 31 32 30 36 30 30 37 30 35 00 02 00 82 00 04 00 44 
[8964] TcSdk_SetParamLong              ---> a: 05e750c0 b: 0000007d c: 00000000 d: 052dfced ==Long:0
[8964] CC E6 DD 04 00 00 00 00 05 00 79 00 0A 00 31 32 30 36 30 30 37 30 35 00 02 00 82 00 04 00 44 00 00 00 02 00 7D 00 04 
[8964] TcSdk_SetParam                  ---> a: 05e750c0 b: 0000007b c: 07f86d36 d: 00000000 ==Str:0602572118
[8964] CC E6 DD 04 00 00 00 00 05 00 79 00 0A 00 31 32 30 36 30 30 37 30 35 00 02 00 82 00 04 00 44 00 00 00 02 00 7D 00 04 00 00 00 00 00 05 00 7B 00 0B 00 30 36 30 32 35 37 32 31 31 38 
[8964] TcSdk_SetParam                  ---> a: 05e750c0 b: 0000008c c: 09b3f768 d: 00000000 ==Str:159915
[8964] CC E6 DD 04 00 00 00 00 05 00 79 00 0A 00 31 32 30 36 30 30 37 30 35 00 02 00 82 00 04 00 44 00 00 00 02 00 7D 00 04 00 00 00 00 00 05 00 7B 00 0B 00 30 36 30 32 35 37 32 31 31 38 00 05 00 8C 00 07 00 31 35 39 39 31 35 
[8964] TcSdk_SetParam                  ---> a: 05e750c0 b: 0000008d c: 09b3fa88 d: 00000000 ==Str:创业板
[8964] TcSdk_GetZqxxByZqdm             ---> a: 05e40ba8 b: 09b3f768 c: 00179b41 d: 00179b44
[8964] CC E6 DD 04 00 00 00 00 05 00 79 00 0A 00 31 32 30 36 30 30 37 30 35 00 02 00 82 00 04 00 44 00 00 00 02 00 7D 00 04 00 00 00 00 00 05 00 7B 00 0B 00 30 36 30 32 35 37 32 31 31 38 00 05 00 8C 00 07 00 31 35 39 39 31 35 00 05 00 8D 00 07 00 B4 B4 D2 B5 B0 E5 
[8964] TcSdk_SetParamFloat             ---> a: 05e750c0 b: 00000091 c: 3f800000 d: 00000003 ==Float:1.06535e+09
[8964] CC E6 DD 04 00 00 00 00 05 00 79 00 0A 00 31 32 30 36 30 30 37 30 35 00 02 00 82 00 04 00 44 00 00 00 02 00 7D 00 04 00 00 00 00 00 05 00 7B 00 0B 00 30 36 30 32 35 37 32 31 31 38 00 05 00 8C 00 07 00 31 35 39 39 31 35 00 05 00 8D 00 07 00 B4 B4 D2 B5 B0 E5 00 05 00 91 00 06 00 31 2E 30 30 30 
[8964] TcSdk_SetParamLong              ---> a: 05e750c0 b: 00000090 c: 00011a6c d: 052dfd74 ==Str: ==Long:72300
[8964] CC E6 DD 04 00 00 00 00 05 00 79 00 0A 00 31 32 30 36 30 30 37 30 35 00 02 00 82 00 04 00 44 00 00 00 02 00 7D 00 04 00 00 00 00 00 05 00 7B 00 0B 00 30 36 30 32 35 37 32 31 31 38 00 05 00 8C 00 07 00 31 35 39 39 31 35 00 05 00 8D 00 07 00 B4 B4 D2 B5 B0 E5 00 05 00 91 00 06 00 31 2E 30 30 30 00 02 00 90 00 04 00 6C 1A 01 
[8964] TcSdk_SetParamLong              ---> a: 05e750c0 b: 000000a6 c: 00000004 d: 052dfd85 ==Long:4
[8964] CC E6 DD 04 00 00 00 00 05 00 79 00 0A 00 31 32 30 36 30 30 37 30 35 00 02 00 82 00 04 00 44 00 00 00 02 00 7D 00 04 00 00 00 00 00 05 00 7B 00 0B 00 30 36 30 32 35 37 32 31 31 38 00 05 00 8C 00 07 00 31 35 39 39 31 35 00 05 00 8D 00 07 00 B4 B4 D2 B5 B0 E5 00 05 00 91 00 06 00 31 2E 30 30 30 00 02 00 90 00 04 00 6C 1A 01 00 02 00 A6 00 04 00 04 
[8964] TcSdk_SetParam                  ---> a: 05e750c0 b: 0000025e c: 0439cd68 d: 00000000 ==Str:
[8964] CC E6 DD 04 00 00 00 00 05 00 79 00 0A 00 31 32 30 36 30 30 37 30 35 00 02 00 82 00 04 00 44 00 00 00 02 00 7D 00 04 00 00 00 00 00 05 00 7B 00 0B 00 30 36 30 32 35 37 32 31 31 38 00 05 00 8C 00 07 00 31 35 39 39 31 35 00 05 00 8D 00 07 00 B4 B4 D2 B5 B0 E5 00 05 00 91 00 06 00 31 2E 30 30 30 00 02 00 90 00 04 00 6C 1A 01 00 02 00 A6 00 04 00 04 00 00 00 05 00 5E 02 01 
[8964] TcSdk_SetParamLong              ---> a: 05e750c0 b: 00000085 c: 00000000 d: 052dfe7b ==Long:0
[8964] CC E6 DD 04 00 00 00 00 05 00 79 00 0A 00 31 32 30 36 30 30 37 30 35 00 02 00 82 00 04 00 44 00 00 00 02 00 7D 00 04 00 00 00 00 00 05 00 7B 00 0B 00 30 36 30 32 35 37 32 31 31 38 00 05 00 8C 00 07 00 31 35 39 39 31 35 00 05 00 8D 00 07 00 B4 B4 D2 B5 B0 E5 00 05 00 91 00 06 00 31 2E 30 30 30 00 02 00 90 00 04 00 6C 1A 01 00 02 00 A6 00 04 00 04 00 00 00 05 00 5E 02 01 00 00 02 00 85 00 04 
[8964] TcSdk_SetParam                  ---> a: 05e750c0 b: 000000ad c: 07f888e8 d: 00000000 ==Str:
[8964] TcSdk_Send                      ---> a: 05e40ba8 b: 04910000 c: 049100ca d: 00000000
[8964] CC E6 DD 04 00 00 00 00 05 00 79 00 0A 00 31 32 30 36 30 30 37 30 35 00 02 00 82 00 04 00 44 00 00 00 02 00 7D 00 04 00 00 00 00 00 05 00 7B 00 0B 00 30 36 30 32 35 37 32 31 31 38 00 05 00 8C 00 07 00 31 35 39 39 31 35 00 05 00 8D 00 07 00 B4 B4 D2 B5 B0 E5 00 05 00 91 00 06 00 31 2E 30 30 30 00 02 00 90 00 04 00 6C 1A 01 00 02 00 A6 00 04 00 04 00 00 00 05 00 5E 02 01 00 00 02 00 85 00 04 00 00 00 00 00 05 00 AD 00 01 
[8964] TcSdk_UpdateTcJobParameterSet   ---> a: 0827f8e0 b: 05e750c0 c: 05ec27e8 d: 0076034e
[8964] CC E6 DD 04 00 00 00 00 05 00 79 00 0A 00 31 32 30 36 30 30 37 30 35 00 02 00 82 00 04 00 44 00 00 00 02 00 7D 00 04 00 00 00 00 00 05 00 7B 00 0B 00 30 36 30 32 35 37 32 31 31 38 00 05 00 8C 00 07 00 31 35 39 39 31 35 00 05 00 8D 00 07 00 B4 B4 D2 B5 B0 E5 00 05 00 91 00 06 00 31 2E 30 30 30 00 02 00 90 00 04 00 6C 1A 01 00 02 00 A6 00 04 00 04 00 00 00 05 00 5E 02 01 00 00 02 00 85 00 04 00 00 00 00 00 05 00 AD 00 01 
[8964] TcSdk_ResumeTcJob               ---> a: 0827f8e0 b: 0827f8e0 c: 05e750c0 d: 05ec27e8
